

6,9,4,1,8,3,5,2,7
2,1,3,7,9,5,4,6,8
5,8,7,6,2,4,3,9,1
3,5,8,2,7,1,9,4,6
1,2,6,4,3,9,8,7,5
7,4,9,8,5,6,2,1,3
4,7,2,9,1,8,6,5,62
8,3,1,5,6,2,7,70,9
9,73,5,3,4,7,1,8,2


Time taken: 0.00446319580078125

Amount of Backtracks: 5



2,5,4,6,9,7,8,3,1
6,8,3,2,5,1,7,4,9
9,7,1,4,8,3,5,6,2
27,6,8,5,3,9,2,1,4
4,2,5,1,6,8,3,9,7
3,1,9,7,4,2,6,5,8
1,3,6,8,7,4,9,2,5
5,4,7,9,2,6,1,8,3
8,9,2,3,1,5,4,7,6


Time taken: 0.16655206680297852

Amount of Backtracks: 1320



3,5,6,2,9,4,8,7,1
1,7,8,6,5,3,4,9,2
4,2,9,7,8,1,3,6,5
8,1,2,5,4,9,6,3,7
6,9,5,1,3,7,2,4,8
7,3,4,8,6,2,1,5,9
2,6,3,9,7,8,5,1,4
9,4,1,3,2,5,7,8,6
5,8,7,4,1,6,9,2,3


Time taken: 0.037843942642211914

Amount of Backtracks: 220



8,6,5,2,1,7,4,9,3
2,3,9,6,4,8,1,5,7
4,1,7,5,9,3,8,2,6
7,8,1,4,6,5,9,3,2
3,2,4,8,7,9,6,1,5
5,9,6,1,3,2,7,8,4
1,7,2,3,8,6,5,4,9
9,5,8,7,2,4,3,6,1
6,4,3,9,5,1,2,7,8


Time taken: 0.039782047271728516

Amount of Backtracks: 235



6,8,7,1,2,4,5,9,3
1,9,4,5,6,3,7,2,8
5,3,2,8,7,9,6,1,4
2,7,3,4,5,6,9,8,1
4,1,9,3,8,7,2,5,6
8,5,6,9,1,2,3,4,7
9,4,5,7,3,8,1,6,2
63,2,1,6,4,5,8,3,9
7,6,8,2,9,1,4,79,5


Time taken: 0.01794600486755371

Amount of Backtracks: 90



8,1,2,7,5,3,6,4,9
9,4,3,6,8,2,1,7,5
6,7,5,4,9,1,2,8,3
1,5,4,2,3,7,8,9,6
3,6,9,8,4,5,7,2,1
2,8,7,1,6,9,5,3,4
5,2,1,9,7,4,3,6,8
4,3,8,5,2,6,9,1,7
7,9,6,3,1,8,4,5,2


Time taken: 1.0370960235595703

Amount of Backtracks: 7475



8,5,9,2,4,7,1,3,6
2,4,3,6,9,1,5,7,8
1,7,6,5,3,8,9,4,2
7,3,5,4,1,2,6,8,9
4,1,2,9,8,6,7,5,3
6,9,8,3,7,5,2,1,4
3,6,7,8,5,9,4,2,1
9,8,1,7,2,4,3,6,5
5,2,4,1,6,3,8,9,7


Time taken: 2.4022159576416016

Amount of Backtracks: 18064



6,2,7,8,3,1,9,5,4
1,5,3,2,9,4,8,7,6
8,9,4,7,6,5,3,1,2
2,4,8,9,5,7,1,6,3
7,6,5,1,4,3,2,8,9
9,3,1,6,2,8,7,4,5
3,1,6,5,8,2,4,9,7
4,7,9,3,1,6,5,2,8
5,8,2,4,7,9,6,3,1


Time taken: 4.885865211486816

Amount of Backtracks: 38241



7,5,4,8,1,9,6,3,2
8,1,6,2,5,3,7,9,4
3,2,9,6,4,7,5,8,1
6,9,3,1,2,5,8,4,7
1,4,5,7,3,8,9,2,6
2,8,7,4,9,6,3,1,5
9,3,1,5,6,2,4,7,8
4,6,8,9,7,1,2,5,3
5,7,2,3,8,4,1,6,9


Time taken: 1.3602869510650635

Amount of Backtracks: 10323

